> 2026/02/18 19:24:47.000855587  length=16 from=0 to=15
 63 78 69 6e 00 00 00 00 26 01 00 00 00 00 00 00  cxin....&.......
--
< 2026/02/18 19:24:47.000857780  length=16 from=0 to=15
 6f 69 78 64 00 00 00 00 26 01 00 00 00 00 00 00  oixd....&.......
--
> 2026/02/18 19:24:47.000857850  length=8 from=16 to=23
 00 00 00 00 00 00 00 00                          ........
--
< 2026/02/18 19:24:47.000857960  length=8 from=16 to=23
 00 00 00 00 00 00 00 00                          ........
--
> 2026/02/18 19:24:47.000858021  length=16 from=24 to=39
 00 00 00 00 00 00 00 00 00 00 00 00 00 00 00 00  ................
--
< 2026/02/18 19:24:47.000858076  length=32 from=24 to=55
 08 00 00 00 00 00 00 00 32 2e 33 31 2e 32 2b 31  ........2.31.2+1
 01 00 00 00 00 00 00 00 73 74 6c 61 00 00 00 00  ........stla....
--
> 2026/02/18 19:24:47.000858169  length=448 from=40 to=487
 13 00 00 00 00 00 00 00 00 00 00 00 00 00 00 00  ................
 00 00 00 00 00 00 00 00 00 00 00 00 00 00 00 00  ................
 03 00 00 00 00 00 00 00 20 00 00 00 00 00 00 00  ........ .......
 00 00 00 00 00 00 00 00 01 00 00 00 00 00 00 00  ................
 07 00 00 00 00 00 00 00 00 00 00 00 00 00 00 00  ................
 00 00 00 00 00 00 00 00 00 00 00 00 00 00 00 00  ................
 01 00 00 00 00 00 00 00 04 00 00 00 00 00 00 00  ................
 0f 00 00 00 00 00 00 00 65 78 74 72 61 2d 70 6c  ........extra-pl
 61 74 66 6f 72 6d 73 00 0d 00 00 00 00 00 00 00  atforms.........
 61 61 72 63 68 36 34 2d 6c 69 6e 75 78 00 00 00  aarch64-linux...
 07 00 00 00 00 00 00 00 73 61 6e 64 62 6f 78 00  ........sandbox.
 05 00 00 00 00 00 00 00 66 61 6c 73 65 00 00 00  ........false...
 0c 00 00 00 00 00 00 00 73 75 62 73 74 69 74 75  ........substitu
 74 65 72 73 00 00 00 00 32 00 00 00 00 00 00 00  ters....2.......
 68 74 74 70 73 3a 2f 2f 63 61 63 68 65 2e 6e 69  https://cache.ni
 78 6f 73 2e 6f 72 67 20 68 74 74 70 73 3a 2f 2f  xos.org https://
 77 65 79 6c 2d 61 69 2e 63 61 63 68 69 78 2e 6f  weyl-ai.cachix.o
 72 67 00 00 00 00 00 00 13 00 00 00 00 00 00 00  rg..............
 74 72 75 73 74 65 64 2d 70 75 62 6c 69 63 2d 6b  trusted-public-k
 65 79 73 00 00 00 00 00 80 00 00 00 00 00 00 00  eys.............
 63 61 63 68 65 2e 6e 69 78 6f 73 2e 6f 72 67 2d  cache.nixos.org-
 31 3a 36 4e 43 48 64 44 35 39 58 34 33 31 6f 30  1:6NCHdD59X431o0
 67 57 79 70 62 4d 72 41 55 52 6b 62 4a 31 36 5a  gWypbMrAURkbJ16Z
 50 4d 51 46 47 73 70 63 44 53 68 6a 59 3d 20 77  PMQFGspcDShjY= w
 65 79 6c 2d 61 69 2e 63 61 63 68 69 78 2e 6f 72  eyl-ai.cachix.or
 67 2d 31 3a 63 52 30 53 70 53 41 50 77 37 77 65  g-1:cR0SpSAPw7we
 6a 5a 32 31 65 70 34 53 4c 6f 6a 45 37 37 67 70  jZ21ep4SLojE77gp
 35 46 32 6f 73 32 36 30 65 45 57 71 54 54 77 3d  5F2os260eEWqTTw=
--
< 2026/02/18 19:24:47.000859149  length=8 from=56 to=63
 73 74 6c 61 00 00 00 00                          stla....
--
> 2026/02/18 19:24:47.000859186  length=80 from=488 to=567
 28 00 00 00 00 00 00 00 01 00 00 00 00 00 00 00  (...............
 38 00 00 00 00 00 00 00 2f 6e 69 78 2f 73 74 6f  8......./nix/sto
 72 65 2f 32 62 63 76 39 31 69 38 66 61 68 71 67  re/2bcv91i8fahqg
 68 6e 38 64 6d 79 72 37 39 31 69 61 79 63 62 73  hn8dmyr791iaycbs
 6a 64 64 2d 68 65 6c 6c 6f 2d 32 2e 31 32 2e 32  jdd-hello-2.12.2
--
< 2026/02/18 19:24:47.000859352  length=96 from=64 to=159
 54 52 54 53 00 00 00 00 00 00 00 00 73 bc 18 00  TRTS........s...
 06 00 00 00 00 00 00 00 00 00 00 00 00 00 00 00  ................
 21 00 00 00 00 00 00 00 71 75 65 72 79 69 6e 67  !.......querying
 20 69 6e 66 6f 20 61 62 6f 75 74 20 6d 69 73 73   info about miss
 69 6e 67 20 70 61 74 68 73 00 00 00 00 00 00 00  ing paths.......
 00 00 00 00 00 00 00 00 00 00 00 00 00 00 00 00  ................
--
< 2026/02/18 19:24:47.000859531  length=64 from=160 to=223
 50 4f 54 53 00 00 00 00 00 00 00 00 73 bc 18 00  POTS........s...
 73 74 6c 61 00 00 00 00 00 00 00 00 00 00 00 00  stla............
 00 00 00 00 00 00 00 00 00 00 00 00 00 00 00 00  ................
 00 00 00 00 00 00 00 00 00 00 00 00 00 00 00 00  ................
--
> 2026/02/18 19:24:47.000859671  length=72 from=568 to=639
 1a 00 00 00 00 00 00 00 38 00 00 00 00 00 00 00  ........8.......
 2f 6e 69 78 2f 73 74 6f 72 65 2f 32 62 63 76 39  /nix/store/2bcv9
 31 69 38 66 61 68 71 67 68 6e 38 64 6d 79 72 37  1i8fahqghn8dmyr7
 39 31 69 61 79 63 62 73 6a 64 64 2d 68 65 6c 6c  91iaycbsjdd-hell
 6f 2d 32 2e 31 32 2e 32                          o-2.12.2
--
< 2026/02/18 19:24:47.000859886  length=464 from=224 to=687
 73 74 6c 61 00 00 00 00 01 00 00 00 00 00 00 00  stla............
 3c 00 00 00 00 00 00 00 2f 6e 69 78 2f 73 74 6f  <......./nix/sto
 72 65 2f 37 62 37 34 72 7a 33 38 36 39 35 6d 61  re/7b74rz38695ma
 71 77 64 62 32 6d 71 30 30 34 76 6b 39 32 31 69  qwdb2mq004vk921i
 63 64 33 2d 68 65 6c 6c 6f 2d 32 2e 31 32 2e 32  cd3-hello-2.12.2
 2e 64 72 76 00 00 00 00 40 00 00 00 00 00 00 00  .drv....@.......
 30 34 35 63 61 36 62 64 62 32 36 31 33 62 66 30  045ca6bdb2613bf0
 39 62 66 65 33 33 30 37 38 37 66 66 35 61 33 34  9bfe330787ff5a34
 63 65 30 32 32 64 34 34 62 30 33 32 33 39 39 30  ce022d44b0323990
 33 61 37 33 36 63 38 31 39 64 61 32 61 61 36 36  3a736c819da2aa66
 02 00 00 00 00 00 00 00 38 00 00 00 00 00 00 00  ........8.......
 2f 6e 69 78 2f 73 74 6f 72 65 2f 32 62 63 76 39  /nix/store/2bcv9
 31 69 38 66 61 68 71 67 68 6e 38 64 6d 79 72 37  1i8fahqghn8dmyr7
 39 31 69 61 79 63 62 73 6a 64 64 2d 68 65 6c 6c  91iaycbsjdd-hell
 6f 2d 32 2e 31 32 2e 32 39 00 00 00 00 00 00 00  o-2.12.29.......
 2f 6e 69 78 2f 73 74 6f 72 65 2f 78 78 37 63 6d  /nix/store/xx7cm
 37 32 71 79 32 63 30 36 34 33 63 6d 31 69 70 6e  72qy2c0643cm1ipn
 67 64 38 37 61 71 77 6b 63 64 70 2d 67 6c 69 62  gd87aqwkcdp-glib
 63 2d 32 2e 34 30 2d 36 36 00 00 00 00 00 00 00  c-2.40-66.......
 eb 38 96 69 00 00 00 00 88 30 04 00 00 00 00 00  .8.i.....0......
 00 00 00 00 00 00 00 00 01 00 00 00 00 00 00 00  ................
 6a 00 00 00 00 00 00 00 63 61 63 68 65 2e 6e 69  j.......cache.ni
 78 6f 73 2e 6f 72 67 2d 31 3a 5a 4f 72 77 74 47  xos.org-1:ZOrwtG
 54 7a 63 32 6b 55 74 73 50 62 61 47 46 42 4a 4a  Tzc2kUtsPbaGFBJJ
 77 6e 38 68 69 46 2b 77 6b 78 77 6a 45 67 6f 6b  wn8hiF+wkxwjEgok
 59 69 55 2b 77 53 51 50 37 79 67 2b 51 53 32 6b  YiU+wSQP7yg+QS2k
 45 59 54 45 59 5a 69 62 48 2f 46 39 37 36 57 45  EYTEYZibH/F976WE
 70 64 43 6c 44 43 58 6c 37 47 59 32 34 72 42 51  pdClDCXl7GY24rBQ
 3d 3d 00 00 00 00 00 00 00 00 00 00 00 00 00 00  ==..............
--
